# DESCRIPTION: Verilator output: Timestamp data for --skip-identical.  Delete at will.
C "--build ./PipelineCPU.v --exe ./example_testbench.cpp -cc --trace -Wall"
S  20938328   424758  1708694474   870135582  1708694474   870135582 "/usr/local/bin/verilator_bin"
S      3275   917586  1708694475   118135210  1708694475   118135210 "/usr/local/share/verilator/include/verilated_std.sv"
S       660  1076322  1718736715   684636788  1718732680           0 "ALU.v"
S       927  1076324  1718736715   684636788  1718732680           0 "ALUCtrl.v"
S       146  1076273  1718736715   684636788  1718732680           0 "Adder.v"
S       291  1076325  1718736715   684636788  1718732680           0 "BranchComp.v"
S      1308  1076326  1718736715   684636788  1718732680           0 "Control.v"
S      4687  1076327  1718736715   684636788  1718732680           0 "DataMemory.v"
S       921  1076329  1718736715   684636788  1718732680           0 "EXMEM.v"
S       931  1076330  1718800002   749608740  1718800002   749608740 "Forward.v"
S       773  1076331  1718800849   132530479  1718800849   132530479 "Hazard.v"
S      2293  1076332  1718736715   684636788  1718732680           0 "IDEX.v"
S       697  1076333  1718736715   684636788  1718732680           0 "IFID.v"
S       794  1076334  1718736715   684636788  1718732680           0 "ImmGen.v"
S      1049  1076335  1718736715   684636788  1718732682           0 "InstructionMemory.v"
S       725  1076337  1718736715   684636788  1718732682           0 "MEMWB.v"
S       235  1076338  1718736715   684636788  1718732682           0 "Mux2to1.v"
S       301  1076339  1718736715   684636788  1718732682           0 "Mux3to1.v"
S       257  1076340  1718736715   684636788  1718732682           0 "PC.v"
S      7106  1076341  1718737325   696937363  1718737325   696937363 "PipelineCPU.v"
S      1246  1076342  1718736715   684636788  1718732682           0 "Register.v"
T      5115  1063204  1718803119   938271271  1718803119   938271271 "obj_dir/VPipelineCPU.cpp"
T      3030  1062105  1718803119   938271271  1718803119   938271271 "obj_dir/VPipelineCPU.h"
T      1900  1073631  1718803119   938271271  1718803119   938271271 "obj_dir/VPipelineCPU.mk"
T     10499  1060987  1718803119   938271271  1718803119   938271271 "obj_dir/VPipelineCPU__ConstPool_0.cpp"
T       802  1051272  1718803119   938271271  1718803119   938271271 "obj_dir/VPipelineCPU__Syms.cpp"
T      1173  1051277  1718803119   938271271  1718803119   938271271 "obj_dir/VPipelineCPU__Syms.h"
T     16895  1073250  1718803119   938271271  1718803119   938271271 "obj_dir/VPipelineCPU__Trace__0.cpp"
T     33062  1073239  1718803119   938271271  1718803119   938271271 "obj_dir/VPipelineCPU__Trace__0__Slow.cpp"
T      5705  1063216  1718803119   938271271  1718803119   938271271 "obj_dir/VPipelineCPU___024root.h"
T     46852  1073029  1718803119   938271271  1718803119   938271271 "obj_dir/VPipelineCPU___024root__DepSet_h1c65c48b__0.cpp"
T     38366  1070368  1718803119   938271271  1718803119   938271271 "obj_dir/VPipelineCPU___024root__DepSet_h1c65c48b__0__Slow.cpp"
T      2442  1071305  1718803119   938271271  1718803119   938271271 "obj_dir/VPipelineCPU___024root__DepSet_hd9795ddf__0.cpp"
T       913  1070367  1718803119   938271271  1718803119   938271271 "obj_dir/VPipelineCPU___024root__DepSet_hd9795ddf__0__Slow.cpp"
T       710  1063510  1718803119   938271271  1718803119   938271271 "obj_dir/VPipelineCPU___024root__Slow.cpp"
T       918  1075470  1718803119   938271271  1718803119   938271271 "obj_dir/VPipelineCPU__ver.d"
T         0        0  1718803119   938271271  1718803119   938271271 "obj_dir/VPipelineCPU__verFiles.dat"
T      1791  1073621  1718803119   938271271  1718803119   938271271 "obj_dir/VPipelineCPU_classes.mk"
